$ 1 0.0000049999999999999996 0.15814360605671443 52 5 50 5e-11
409 256 240 400 240 3 0.6 -0.843385612566542 0.023100000000000002 0
i 320 128 208 128 0 0.01
z 208 304 208 224 2 default-zener
w 208 224 256 224 0
w 208 224 208 128 0
w 320 128 320 208 0
w 320 128 320 80 0
R 320 80 320 48 0 0 40 5 0 0 0.5
w 320 272 320 288 0
w 256 256 256 288 0
w 256 288 320 288 0
w 320 288 320 352 0
w 208 304 208 352 0
t 432 240 464 240 0 1 -0.30566140114486196 0.4063351731148819 100 default
t 464 272 496 272 0 1 -0.7119965742597438 0.525705323941867 100 default
w 464 256 464 272 0
w 464 224 496 224 0
w 496 224 496 256 0
w 464 224 464 128 0
w 320 128 464 128 0
w 432 240 400 240 0
r 496 288 496 352 0 10
w 320 352 496 352 0
w 320 352 320 416 0
r 320 416 320 480 0 1000
g 320 480 320 496 0 0
r 240 352 240 416 0 1000
r 240 416 240 480 0 1000
w 240 352 320 352 0
w 240 480 320 480 0
w 208 352 208 416 0
w 208 416 240 416 0
